page_title,revision_id,prediction,probability_B,probability_C,probability_FA,probability_GA,probability_Start,probability_Stub
"Abbeville, Alabama",1171163550,C,0.31042252456158204,0.5979200965294227,0.025186220917133947,0.04952133645299354,0.013573873336789355,0.0033759482020785892
"Adamsville, Alabama",1177621427,C,0.198274200391586,0.3770695177348356,0.019070364455845708,0.3514876684327692,0.05026148902798659,0.003836759956977147
"Addison, Alabama",1168359898,C,0.27104076563661905,0.324459707767518,0.011265514086494389,0.29487067754320384,0.0931882446366844,0.005175090329480344
"Akron, Alabama",1165909508,GA,0.175388344565975,0.2655870765311225,0.011556876058535826,0.4485841879139288,0.09350806348909406,0.005375451441343951
"Alabaster, Alabama",1179139816,C,0.270971932616856,0.6463838191722866,0.009590992690925318,0.033641571757281816,0.036340860820955355,0.003070822941694893
"Albertville, Alabama",1179198677,C,0.33263794328683494,0.5751561883917391,0.026008649369378935,0.051684120237779414,0.011184137224920173,0.0033289614893475604
"Alexander City, Alabama",1179140073,GA,0.1873023626039258,0.36649319284269144,0.027896630393037452,0.38946719113684847,0.024584055969215264,0.004256567054281696
"Aliceville, Alabama",1167792390,GA,0.20198124560955472,0.13509962361851774,0.07861623936036671,0.563504503507844,0.015865103287081316,0.004933284616635347
"Allgood, Alabama",1165909718,C,0.16219405303675014,0.41782026391994503,0.010149562531121712,0.1850061182357893,0.21980553887436025,0.005024463402033478
"Altoona, Alabama",1165909823,C,0.17430027322924055,0.37911769151376484,0.00673312937006604,0.16495069663790005,0.2692120242824542,0.005686184966574241
"Andalusia, Alabama",1179141586,C,0.2275935425747731,0.7152848185993487,0.015084471443457979,0.02179461353211194,0.017462796406715886,0.002779757443592586
"Anderson, Lauderdale County, Alabama",662691565,Stub,0.005980504062539046,0.004988847014648282,0.0014366331939514683,0.0017443432022016716,0.025843107936842385,0.9600065645898173
"Anniston, Alabama",1176049382,C,0.42286844227559306,0.4996479291271476,0.01814933202286123,0.05106893179538358,0.006001697665735151,0.0022636671132795507
"Arab, Alabama",1171375371,C,0.253309359044102,0.6432795873347886,0.013306720273871706,0.05859171262911122,0.027740182519877483,0.0037724381982489276
"Ardmore, Alabama",1176903479,GA,0.22818300757839702,0.24246940721335333,0.022458138652495043,0.47927676394572927,0.023374517257583903,0.004238165352441523
"Argo, Alabama",1177623964,C,0.20021994652643463,0.5010326084853298,0.008432007788033177,0.06576851578436918,0.21858900620141375,0.005957915214419485
"Ariton, Alabama",1166014478,C,0.1840026491875852,0.3716995981499297,0.009388299214033965,0.304449728765206,0.12562291502846654,0.0048368096547785734
"Arley, Alabama",1166014498,C,0.1698474983473493,0.43678356239656313,0.007858483567101452,0.10886422763437427,0.2712969926803318,0.005349235374280012
"Ashford, Alabama",1166014593,C,0.26313101572396325,0.5076345265021112,0.030009039111377436,0.15745510067773463,0.03665593239296192,0.005114385591851517
"Ashland, Alabama",1174331705,C,0.20297599744933617,0.6873775862224841,0.011847282054601602,0.04534126482480335,0.04895387056900438,0.003503998879770297
"Ashville, Alabama",1148844011,C,0.24209438496451288,0.5872272175961485,0.011379934878399282,0.1263828803277334,0.029238908188509095,0.00367667404469672
"Athens, Alabama",1175308807,C,0.2542818605171777,0.6788147150234589,0.012177589443981719,0.04398896211957344,0.008482333246049129,0.002254539649759035
"Atmore, Alabama",1167926420,C,0.3384463125943764,0.5142265349676649,0.05253324667392488,0.07805737118004427,0.012509581932427053,0.0042269526515624255
"Attalla, Alabama",1165507856,C,0.19501122776194593,0.7339320121006048,0.00809212482547164,0.03566286962451266,0.024386248721208554,0.002915516966256688
"Auburn, Alabama",1179878794,C,0.46180556450710536,0.4704410460109622,0.025547819875636247,0.03179127561961027,0.0077727976082568396,0.002641496378429135
"Autaugaville, Alabama",1166014815,C,0.2676898061857159,0.5167177114690923,0.018120048994155827,0.11506308190107663,0.07647980807327125,0.005929543376688112
"Avon, Alabama",1166014861,Start,0.12939754672371567,0.2799342709496991,0.005062128785642548,0.041746114812266956,0.5343819233157122,0.009478015412963538
"Babbie, Alabama",1168820544,Start,0.09298166621266706,0.2588782614783478,0.005560659050548327,0.024650717874444457,0.6018576582279719,0.016071037156020502
"Baileyton, Alabama",1166014939,C,0.210242121017179,0.375500687664685,0.006885197853075764,0.06744377153694694,0.3319675232869717,0.007960698641141569
"Bakerhill, Alabama",1166014954,Start,0.1086531544480206,0.32290123016790545,0.00765413284858313,0.021213657007659936,0.4557591793729471,0.08381864615488388
"Banks, Alabama",1166014997,C,0.21512903390033053,0.37172696541743033,0.008087805758358817,0.2013997632143299,0.1951610560903452,0.008495375619205225
"Bay Minette, Alabama",1177963600,C,0.1899637047092272,0.42210588522330383,0.017664711344449864,0.3215710550939828,0.04405410117522117,0.004640542453815094
"Bayou La Batre, Alabama",1177999052,C,0.26253523960450137,0.6380840140266173,0.03626469722885297,0.045886514589962714,0.014054302883973871,0.003175231666091781
"Bear Creek, Alabama",1166015184,GA,0.16514753850171635,0.3422212510919304,0.009079160301101155,0.4352797147656445,0.04381288468121745,0.004459450658390034
"Beatrice, Alabama",1166015214,C,0.15310883605839581,0.3337588398181915,0.006404078738770399,0.2545319057629949,0.24729414214509798,0.004902197476549399
"Beaverton, Alabama",1166015251,Start,0.17418440825100226,0.32887857189550956,0.008608383710953876,0.04355577596543445,0.4247359573114853,0.020036902865614634
"Belk, Alabama",1166015313,C,0.09688093752089394,0.5023929018094017,0.0050200165945422336,0.04687150473908942,0.3400766752253869,0.008757964110685641
"Benton, Alabama",1166015434,C,0.244346734071875,0.40069437539618186,0.009377750333530189,0.15298891618346952,0.186067309262254,0.006524914752689355
"Berlin, Alabama",1166015476,Start,0.09029021873330394,0.18316367269831105,0.005606843049007047,0.014460619939821643,0.6424629967869588,0.06401564879259748
"Berry, Alabama",1166015515,C,0.1893670822570881,0.3824023115866097,0.011160558609275097,0.23722736342185283,0.17407986147593588,0.005762822649238464
"Bessemer, Alabama",1178999596,C,0.25221039537817364,0.6696450104433117,0.024218234284328927,0.040038956423154776,0.011301179136111927,0.0025862243349191985
"Billingsley, Alabama",1166015695,Start,0.16474499450167504,0.33928059792509563,0.006795856781705437,0.044625937662446054,0.43469842078605353,0.009854192343024346
"Birmingham, Alabama",1179944837,B,0.7006615957121124,0.0896886630868649,0.06492571733784322,0.1312790912057683,0.010018090053737003,0.003426842603673919
"Black, Alabama",1166015772,Start,0.10696509288505232,0.25888254254597975,0.006087047545278121,0.02114433314939823,0.586387763189968,0.020533220684323436
"Blountsville, Alabama",1105978061,GA,0.21095931039856058,0.3479446312768345,0.01150688702864717,0.38420717144855115,0.04044784383885984,0.004934156008546862
"Blue Springs, Alabama",1166015902,Start,0.1331185924643714,0.3307202522764057,0.006608047562439869,0.02352600128274333,0.49208974212242285,0.013937364291616723
"Boaz, Alabama",1177138566,GA,0.1873767852574819,0.32053923457613775,0.012746715904818386,0.44983380389389516,0.02528626127921454,0.0042171990884522885
"Boligee, Alabama",1166015957,C,0.24240549109364334,0.4084690375394664,0.008535717428436762,0.11748096247904509,0.2172344352946354,0.00587435616477309
"Bon Air, Alabama",1166015981,C,0.15563764725046375,0.3522273989588879,0.008539456792848357,0.14745303810231936,0.3211936783667763,0.014948780528704238
"Brantley, Alabama",1165814013,C,0.22479925533718698,0.40293289397503174,0.0076972221437373095,0.0929669070061856,0.2616243073065001,0.009979414231358162
"Brent, Alabama",1172245542,GA,0.1578392645609202,0.36359348970612343,0.010720283421230806,0.4137832406591618,0.04988326958861519,0.004180452063948498
"Brewton, Alabama",1162427481,GA,0.21735849971182342,0.3482075506707024,0.02222480726737839,0.3807087730345813,0.027123671213527614,0.004376698101986809
"Bridgeport, Alabama",1165537046,GA,0.12984663444379704,0.2013415244954745,0.01913074225323746,0.6312993921262134,0.015348853617199905,0.0030328530640776545
"Brighton, Alabama",1177621572,C,0.2460516733337415,0.4974335678933237,0.00976026721676203,0.16617686985440633,0.07551990892569897,0.005057712776067641
"Brilliant, Alabama",1166016323,GA,0.203149430331768,0.15738055523328115,0.010598646826219131,0.599393111280085,0.026126158659435815,0.0033520976692108188
"Brookside, Alabama",1170769013,C,0.24809276131639538,0.48250398009284234,0.026049188094404954,0.20953260741379545,0.028678960378284886,0.005142502704276854
"Brookwood, Alabama",1178216914,C,0.16013329536274404,0.46302062796638166,0.006316835395156665,0.11740955696532379,0.24821834788247782,0.004901336427915941
"Brundidge, Alabama",1165537457,C,0.286854055265989,0.5080629888901371,0.017185489878716348,0.1162241230573684,0.06658335081206587,0.005089992095722984
"Butler, Alabama",1144752979,C,0.21809017823340848,0.5315685992084838,0.00716210826503297,0.07817945230718745,0.1599104108592677,0.005089251126619718
"Calera, Alabama",1165537934,C,0.16871195591985094,0.7145777443428061,0.0059405639269058536,0.03431044994378195,0.07328980680134915,0.0031694790653062025
"Camden, Alabama",1176316224,GA,0.1785136281010634,0.3180172929503446,0.025112144230741276,0.44639266236276687,0.02761026315552734,0.004354009199556552
"Camp Hill, Alabama",1166017104,C,0.23649331925200706,0.4257165872954044,0.015640146978581397,0.2532622361305243,0.06393205995712344,0.004955650386359534
"Carbon Hill, Alabama",1175376595,C,0.2728778515126434,0.6232130430552452,0.03282906339467958,0.04849759020196585,0.018788197074713225,0.0037942547607529254
"Cardiff, Alabama",1166017260,Start,0.12528188912649457,0.2745333525269755,0.005036606211774953,0.017267980613606314,0.570316997074832,0.0075631744463166735
"Carolina, Alabama",1166017310,Start,0.18494804783901153,0.3330914900123845,0.0063639022763574615,0.05328895170893475,0.4135932390602585,0.008714369103053312
"Carrollton, Alabama",1096812581,C,0.25236566009220474,0.38708853626793205,0.010404824999557938,0.2002505105870025,0.14432133653555407,0.005569131517748702
"Castleberry, Alabama",1166017442,Start,0.1874302545571753,0.3237699488165388,0.0077909356180827635,0.11191664510199613,0.3597465705825276,0.009345645323679428
"Cedar Bluff, Alabama",1177836881,C,0.18400860100485752,0.39886621611633455,0.008007356141293581,0.14975707475042543,0.25357387564989486,0.0057868763371939184
"Center Point, Alabama",1174837569,C,0.2599386725984385,0.48519370120589805,0.012097514031686041,0.13198840163020997,0.10485000139075856,0.005931709143009004
"Centre, Alabama",1164314017,C,0.22915418937277127,0.4696671274773935,0.019050333036631204,0.16818870889514,0.10793222888389403,0.0060074123341701344
"Centreville, Alabama",1172134285,C,0.22150493285595663,0.45370871453024875,0.02359517321440099,0.2503031250974229,0.0461781928319196,0.0047098614700510815
"Chatom, Alabama",1159488446,C,0.17530427157421202,0.4111968161476142,0.008579645740686986,0.16515246109927673,0.2346973253323555,0.005069480105854415
"Chelsea, Alabama",1165539092,C,0.1860694875546701,0.5790870594167216,0.00715087635957315,0.05059599415875794,0.17261645498054518,0.004480127529732058
"Cherokee, Alabama",1166017755,C,0.2353222876350843,0.4376338438187145,0.03958933956463538,0.2589091282044531,0.024090594810866332,0.004454805966246487
"Chickasaw, Alabama",1165539195,C,0.2381982696226693,0.49142159168087907,0.01953559792387585,0.20355802693869243,0.042087156075602095,0.0051993577582814384
"Childersburg, Alabama",1165539227,GA,0.2242948897689099,0.3014570819994238,0.0237887129966475,0.4177635136683123,0.028547714794937014,0.004148086771769373
"Citronelle, Alabama",1165539457,C,0.19998465781446717,0.4186571496377854,0.0102494649409929,0.31984954451341646,0.04685222865807811,0.004406954435260182
"Clanton, Alabama",1158612343,GA,0.18647731605560283,0.18748682474356806,0.0723564008386769,0.5352003960589834,0.013798257988152363,0.004680804315016353
"Clay, Alabama",1177621993,C,0.2161041730861088,0.4893106781947656,0.008893423287656113,0.02904950208668507,0.2511933508321064,0.005448872512677883
"Clayhatchee, Alabama",1166018079,Start,0.17972647215673676,0.35119189980167564,0.0070873056301900515,0.07513722871833929,0.3781162227987541,0.008740870894304162
"Clayton, Alabama",1155236230,C,0.24773139047479809,0.5291293246208131,0.024964503609936323,0.11107048987422989,0.08167290490786262,0.005431386512359893
"Cleveland, Alabama",1168466910,C,0.207956541255197,0.38135998551608724,0.006993688860704222,0.08038425554513381,0.31785338776774386,0.005452141055133977
"Clio, Alabama",1165644511,Start,0.2105427654853412,0.33324096976885387,0.006777012148459759,0.05788453981482899,0.38365342082468096,0.007901291957835316
"Coaling, Alabama",1166018304,C,0.21673138232289402,0.39804674604156215,0.008167934095557931,0.08613578195408367,0.2816902134916518,0.009227942094250409
"Coffee Springs, Alabama",1166018326,Start,0.2147115093389001,0.32484594826557367,0.007108593334422566,0.03397657646855527,0.40984454644050716,0.00951282615204125
"Coffeeville, Alabama",1166029689,C,0.18110242282585834,0.297637087059394,0.008948956062733576,0.24209232647645337,0.2604122051771564,0.009807002398404473
"Coker, Alabama",1166018360,Start,0.12537231417041328,0.31999174696259275,0.007033810557595747,0.057157579301024525,0.4800697595206641,0.010374789487709726
"Collinsville, Alabama",1177947751,C,0.1598473259635742,0.4326788505107277,0.009220026167281417,0.3188077392573131,0.0750214172708001,0.004424640830303456
"Colony, Alabama",1166018463,GA,0.18004207037641745,0.29655700171335536,0.009297087221785637,0.3853763782888983,0.12370026000823979,0.005027202391303796
"Columbia, Alabama",1166018475,C,0.26311212644036575,0.48794822497227086,0.011523517807500237,0.1573888944597917,0.07466070528448845,0.005366531035583085
"Columbiana, Alabama",1151357569,C,0.30864503430290763,0.5256749030794063,0.02065925588582839,0.09637550916023963,0.043486669651090534,0.005158627920527526
"Coosada, Alabama",1172561590,C,0.22121754822486242,0.4743279242700101,0.010843493156212872,0.19324062446170123,0.09526956934436093,0.005100840542852647
"Cordova, Alabama",1165645181,GA,0.17268470738673763,0.2561560209499235,0.023607059014055458,0.5227417360716274,0.020919986454312988,0.0038904901233429027
"Cottonwood, Alabama",1096812941,C,0.19676243749631966,0.3618825680776773,0.009364236070325091,0.18329722668754037,0.24353379065763225,0.005159741010505418
"County Line, Alabama",1166018950,Start,0.11360646306806288,0.2932383102701278,0.006106903527305357,0.024182659881735142,0.5480955456993137,0.014770117553455031
"Courtland, Alabama",1157580326,GA,0.11796294225181572,0.1283938340199013,0.01012842651507661,0.7212501370906421,0.01897665935016881,0.0032880007723957035
"Cowarts, Alabama",1166019003,C,0.1610239946332165,0.37527312845065736,0.006955984929877238,0.09879796581023004,0.3516006154380659,0.006348310737952921
"Creola, Alabama",1139764613,GA,0.1932546832967573,0.306516342210207,0.018037334569290058,0.4534654439680588,0.02437233767530846,0.004353858280378329
"Crossville, Alabama",1166066155,C,0.26894740172494014,0.6167829659391869,0.02213140544436654,0.05691655755717215,0.0312670366390068,0.003954632695327471
"Cuba, Alabama",1175879685,C,0.24803569033568532,0.4526731618188245,0.008022709458766786,0.13486771745675882,0.15117349745330222,0.005227223476662199
"Cullman, Alabama",1180017307,B,0.3495294996111283,0.29060959472630626,0.06269485276665361,0.2763297360689892,0.016259994300819352,0.004576322526103218
"Cusseta, Alabama",1172824345,Start,0.06870000080103827,0.10036696402410034,0.005475180942720346,0.01749367132898087,0.4934157871728936,0.3145483957302666
"Dadeville, Alabama",1158607851,C,0.2175312223376343,0.6890835029431739,0.011953126534275871,0.04039959011078112,0.03746720367667062,0.003565354397464063
"Daleville, Alabama",1154496305,GA,0.26013412678111286,0.2889674551878286,0.03309209851057611,0.38471683541703594,0.027787775902596627,0.005301708200849968
"Daphne, Alabama",1165646156,FA,0.08528942354509383,0.025133353872387635,0.4943417814489474,0.38356238550452687,0.00835611149430546,0.0033169441347389458
"Dauphin Island, Alabama",1174226588,B,0.310770944644801,0.2914532674481934,0.12242692119281881,0.2396529743790205,0.02920310009603251,0.006492792239133818
"Daviston, Alabama",1166066473,C,0.26928122570341434,0.39882260246061485,0.008609288823715235,0.14337110258599667,0.17352239047292733,0.006393389953331787
"Dayton, Alabama",1166066487,C,0.22435663232680952,0.38211480399836906,0.012075342836680278,0.21427143637548107,0.1615504410236493,0.005631343439010896
"Deatsville, Alabama",1166066515,C,0.1695938121749477,0.40636504939751855,0.007929385773202412,0.1043850943822979,0.305939980160667,0.0057866781113666875
"Decatur, Alabama",1178063438,C,0.3179461018380984,0.629598548045354,0.02308344866299754,0.02039544997145397,0.006919444441046736,0.0020570070410493276
"Demopolis, Alabama",1161394946,B,0.49508192609673574,0.2688118825065879,0.12027449984080113,0.10197191366111054,0.010172659210341533,0.0036871186844230647
"Detroit, Alabama",1166066756,Start,0.10960458521403754,0.2598598061558322,0.007029774130630619,0.07596675371695655,0.5245306373981743,0.023008443384368804
"Dodge City, Alabama",1166066982,Start,0.13173328635604636,0.258109750519339,0.0053990631234945964,0.042166095087692194,0.5533477041088796,0.009244100804548303
"Dora, Alabama",1165647022,C,0.23136666130859349,0.503004755284695,0.008560799910595482,0.13248844614471694,0.11953419289723459,0.005045144454164414
"Dothan, Alabama",1179231968,B,0.5254630027657478,0.14576228044245687,0.029252157784757205,0.2832476819732283,0.012260060917346795,0.004014816116463231
"Double Springs, Alabama",1159024876,C,0.23233552553298747,0.4533731652532207,0.0115886185735311,0.18961922513730503,0.10751974360778008,0.005563721895175695
"Douglas, Alabama",1166067023,GA,0.2727331827272814,0.2648722044646598,0.0068857097077420215,0.3197558604693903,0.1285414220018576,0.007211620629068789
"Dozier, Alabama",1096813187,Start,0.19600311116266533,0.34298787726046326,0.007833271034436727,0.056758896844416214,0.3801752100814234,0.016241633616595093
"Dutton, Alabama",1166067175,C,0.2715533455800869,0.37594549760683876,0.007995404262193655,0.0435093692076808,0.29102355427896137,0.009972829064238516
"East Brewton, Alabama",1165647609,C,0.18725539591853899,0.33745549769290323,0.007204595089861798,0.1647145145929046,0.29748900928238525,0.005880987423406097
"Eclectic, Alabama",1145048302,C,0.23061075580158263,0.47634890853408923,0.010982533112296921,0.13687546754178959,0.14003373788174323,0.0051485971284985915
"Edwardsville, Alabama",1166067508,C,0.23849289192939008,0.4002089185299574,0.007992449339064912,0.049853839799579,0.29267382048647295,0.010778079915535766
"Elba, Alabama",1163400900,C,0.23539296946027152,0.49258333128519005,0.02229180507493113,0.19842241972948743,0.04595112885650309,0.005358345593616899
"Elberta, Alabama",1175895043,C,0.1734458805109932,0.6856685078904516,0.006173150497599203,0.0702110980200289,0.060985728711811696,0.0035156343691154332
"Eldridge, Alabama",1178177223,Start,0.11837891038402924,0.2975475444378266,0.006589703889663008,0.03983906825740004,0.5259803554829892,0.011664417548091926
"Elkmont, Alabama",1176555126,C,0.1872613441975641,0.5550696304494585,0.0063877968299577885,0.10323466721972528,0.1436732603965471,0.004373300906747235
"Elmore, Alabama",1166067658,C,0.19687531529178945,0.4406219735744638,0.010892156151147433,0.20751106126391192,0.13900471267645678,0.00509478104223068
"Emelle, Alabama",1158753175,C,0.17646103313677802,0.7000876095912738,0.00944474338134385,0.07750228720718526,0.032750264782533026,0.003754061900885919
"Enterprise, Alabama",1160273773,C,0.3420937094996493,0.589668259649614,0.014184031622216075,0.036341009280695724,0.014837804866943919,0.002875185080881012
"Epes, Alabama",1166067751,C,0.265660350790766,0.6189454799409253,0.014066357462535536,0.0638779447513348,0.03306983473474598,0.004380032319692444
"Ethelsville, Alabama",1166067848,Start,0.131697258338234,0.28488075393052,0.005411622144698757,0.029334678169935683,0.5399275505704944,0.008748136846117045
"Eufaula, Alabama",1160493671,GA,0.12297943648617489,0.03346455867762984,0.29583052836075385,0.5328186184006748,0.010862458869856824,0.004044399204909783
"Eutaw, Alabama",1158611853,C,0.26681897712729613,0.45545223875559837,0.042467601512882265,0.20203631431027116,0.027590279566199246,0.005634588727752842
"Eva, Alabama",1166067877,GA,0.15962679252081013,0.3016469657093616,0.0064840392993071785,0.47573290894316744,0.05203715264627853,0.004472140881075087
"Evergreen, Conecuh County, Alabama",1158611789,C,0.1838578082522846,0.47720867796615385,0.013094554140881277,0.2552837259067571,0.06606613959888803,0.004489094135035113
"Excel, Alabama",1166067942,C,0.1678266625249277,0.2865888267854807,0.006580044499990973,0.2479367074054938,0.2832385325990674,0.007829226185039548
"Fairfield, Alabama",1177239572,C,0.22761892066404113,0.651049892676093,0.010971176648842371,0.02685247072750045,0.07845892157553278,0.005048617707990101
"Fairhope, Alabama",1173963070,C,0.16222861754321038,0.7945342882713929,0.008358890677964758,0.019787663418465804,0.013004136925207334,0.0020864031637585533
"Fairview, Alabama",1166068021,C,0.2563714064379705,0.3760661444792592,0.0072837855515358345,0.12154424622394241,0.231466015972842,0.007268401334450182
"Falkville, Alabama",1166068054,GA,0.18429368298673715,0.2586234823223573,0.011601077338591332,0.5074189514893224,0.03352550053824168,0.004537305324750251
"Faunsdale, Alabama",1167428050,GA,0.12308865254403335,0.16827501177934548,0.00916664190849122,0.6632267629366084,0.03258853016464892,0.003654400666872689
"Fayette, Alabama",1142947111,C,0.21568633458835038,0.5067702293402564,0.017894643899038925,0.19894252510177773,0.05571447294313589,0.004991794127440537
"Five Points, Alabama",1166068289,C,0.22674972457851744,0.3197040545779857,0.009224722620595144,0.189344310955819,0.24939418437053001,0.005583002896552656
"Flomaton, Alabama",1166244039,C,0.22297187942756572,0.4545563246940802,0.00864767159832782,0.11187482580105768,0.196035188304421,0.0059141101745473525
"Florala, Alabama",1166068321,C,0.2529689823723179,0.5012328456265768,0.01623018792564478,0.07400532961384927,0.1495987391045331,0.0059639153570782335
"Florence, Alabama",1178304592,C,0.36695618525185014,0.5832140823804971,0.020730775215482836,0.020424876728527202,0.006500147692136131,0.0021739327315068147
"Foley, Alabama",1166414056,C,0.17731134105029692,0.47608879530482623,0.009971525969111685,0.2810788269418924,0.05138836778971568,0.004161142944157073
"Forkland, Alabama",1166068466,C,0.18849399727930252,0.3807177617554318,0.0076614360414273925,0.1525845666507338,0.2657807263034254,0.004761511969679138
"Fort Deposit, Alabama",1177020476,C,0.1953383660055578,0.4478334500549578,0.011947767132434221,0.21696792149849592,0.1229770191433629,0.004935476165191294
"Fort Payne, Alabama",1172551841,GA,0.304319796715346,0.29517982742737386,0.07227803514778139,0.3081049121493181,0.014849515149117738,0.005267913411062876
"Franklin, Alabama",1166068620,GA,0.1374560734417852,0.2021394753428842,0.010632220737411394,0.6164390892798479,0.029748837914890167,0.0035843032831811886
"Frisco City, Alabama",1166068863,C,0.18677599624894356,0.4778996534788709,0.0073075435004535776,0.11797105557397808,0.20467079051777665,0.005374960679977385
"Fruithurst, Alabama",1166068877,Start,0.1856458542077617,0.36251588723611816,0.008075467759159183,0.04540105608577548,0.38506017573903856,0.013301558972147267
"Fulton, Alabama",1166068885,Start,0.11770087833852935,0.2822744622787645,0.0064527353812363205,0.028058206216413598,0.5448745609103491,0.020639156874707004
"Fultondale, Alabama",1165840932,C,0.16183097190007742,0.5522744803523881,0.00996046654484981,0.23521965630815855,0.03684560305135425,0.003868821843171853
"Fyffe, Alabama",1160192215,C,0.25577335022486514,0.3387958668353754,0.01174114764738596,0.3297473779530587,0.05855283478783964,0.005389422551475238
"Gadsden, Alabama",1177146243,C,0.3691351602104491,0.46424203001307945,0.04686933517166258,0.09656719098858281,0.018502891331989634,0.004683392284236539
"Gainesville, Alabama",1166068936,C,0.2599404628274967,0.34882154144979693,0.008976763372988672,0.20555835830185157,0.17107261917909056,0.005630254868775512
"Gantt, Alabama",1180408898,Start,0.13145572958188573,0.31793254939254484,0.00699366862291662,0.05354086356978333,0.46972271684722805,0.020354471985641644
"Garden City, Alabama",1166068968,C,0.17979589784955355,0.3765431245097778,0.006511189493934093,0.06532551745284995,0.36449794078353076,0.007326329910353952
"Gardendale, Alabama",1175530987,C,0.33954986174938645,0.60362928650872,0.016192329967792636,0.01947227077534765,0.018136166683672284,0.003020084315080895
"Gaylesville, Alabama",1166069113,C,0.2124319610917704,0.3655705977084831,0.009778605170100745,0.17358593465329838,0.23094865939997206,0.007684241976375342
"Geiger, Alabama",1166069121,Start,0.17093125090536662,0.32947928602362553,0.006715628028358878,0.0733672249494739,0.4113525303861643,0.008154079707010611
"Geneva, Alabama",1179698088,C,0.2215123641328955,0.3899271389166963,0.02252029780972711,0.3063643494521446,0.054779987588594585,0.004895862099941884
"Georgiana, Alabama",1178540000,Start,0.14721302049680446,0.34387596486281397,0.005524281648368526,0.057163935596270025,0.4393383269775394,0.0068844704182036386
"Geraldine, Alabama",1166069211,C,0.23079478601713183,0.4565320404055742,0.008186661890362245,0.08897091505596982,0.20946690705559579,0.006048689575366191
"Gilbertown, Alabama",1166069407,C,0.20417127839145044,0.3776542912347089,0.007365040771810046,0.10930274346957149,0.29552453892173525,0.005982107210723771
"Glen Allen, Alabama",1166069457,C,0.1860784421830817,0.35357492349618225,0.006873497403519016,0.10727374255427927,0.3369375418864111,0.009261852476526947
"Glencoe, Alabama",1165748058,C,0.20110240409381952,0.37261617064898916,0.010333990190700738,0.2622306069237656,0.14833578790785698,0.00538104023486802
"Glenwood, Alabama",1096814086,Start,0.21576746785715695,0.3421552476423771,0.007550289741390415,0.0594738445091942,0.3612043883029298,0.013848761946951813
"Goldville, Alabama",1177535939,Start,0.23713387141384457,0.3319368841659653,0.0070872392514543725,0.040776919530982024,0.37477202082392097,0.008293064813832901
"Good Hope, Alabama",1165748200,C,0.18855642145945864,0.33522684869352376,0.0077242861742718655,0.24104619563113322,0.2222245530085403,0.005221695033072342
"Goodwater, Alabama",1166069571,C,0.16299156406867682,0.42455409759333546,0.007580520865624738,0.06233809357834088,0.3378185938599002,0.00471713003412212
"Gordo, Alabama",1176908359,C,0.2158733727673191,0.37950929735799743,0.007799112634666648,0.15160114827548385,0.23923248807211345,0.005984580892419617
"Gordon, Alabama",1166069580,C,0.18556049749674458,0.417210788359719,0.006812305428333906,0.058054381992491404,0.32482556827618947,0.0075364584465215725
"Gordonville, Alabama",1166069594,C,0.2074950004214001,0.40098802483558027,0.011489447566524747,0.21259953106311524,0.16103450485984588,0.0063934912535338825
"Goshen, Alabama",1166069601,C,0.23391595999692333,0.3835760436572372,0.008614991066782004,0.12090050705192446,0.24195618124565563,0.011036316981477504
"Grant, Alabama",1166069728,GA,0.21544608659224457,0.2760667868153342,0.009418307670250474,0.40619669660532504,0.08796847350780879,0.004903648809036851
"Graysville, Alabama",1177622200,C,0.1984763986081441,0.4205089471818743,0.007583238130797106,0.06840347645006864,0.29943138520437335,0.00559655442474248
"Greensboro, Alabama",1172134373,C,0.26633234995624566,0.5031314184858111,0.04066092174003831,0.15641644162435434,0.028219408953938246,0.005239459239612305
"Greenville, Alabama",1171417115,C,0.1882876991199921,0.7543921443024004,0.007152559690628422,0.015669779720577242,0.0319530738002295,0.002544743366172552
"Grimes, Alabama",1166180119,Start,0.1313637647841157,0.33899102932813646,0.006884647812969279,0.041666534214059046,0.4661317283728534,0.014962295487866187
"Grove Hill, Alabama",1144754911,C,0.11220817827548966,0.5715445594324702,0.005123452184106696,0.026786203700617576,0.28047472832600634,0.0038628780813094073
"Guin, Alabama",1173001379,C,0.2233902179690338,0.640675878423579,0.007269966839160262,0.0832467678215998,0.041540483926857275,0.0038766850197699213
"Gulf Shores, Alabama",1174473447,C,0.21409381768094132,0.6615938684571575,0.015767827449571652,0.05301709618838331,0.05132068131311229,0.004206708910834002
"Guntersville, Alabama",1169878221,C,0.2134574930589746,0.7030205213542813,0.015429627220872747,0.04509740437068786,0.01951600350241126,0.003478950492772227
"Gurley, Alabama",1173078483,C,0.23506756684924845,0.42983796275449365,0.010448023423083206,0.21615321093218579,0.10320322602357976,0.005290010017409054
"Gu-Win, Alabama",1175521277,C,0.120301476617575,0.4846199024428027,0.005754718150500191,0.1343207158695512,0.2504243306625294,0.00457885625704162
"Hackleburg, Alabama",1167581471,GA,0.15947423322464266,0.2315109484649464,0.015214257622844842,0.5617901955659828,0.027943553066182243,0.004066812055401067
"Haleburg, Alabama",1166180281,C,0.2238920539939202,0.3591117315453676,0.007735180387005345,0.05156846670789216,0.34918176472523776,0.00851080264057686
"Haleyville, Alabama",1168590141,GA,0.20860107399468691,0.2951723248409791,0.03419382150182612,0.4383483790476681,0.019306185251646853,0.004378215363193028
"Hamilton, Alabama",1170634832,C,0.20638585035707352,0.7212781270430496,0.008326427074222235,0.03243040152958096,0.028353909425347358,0.003225284570726572
"Hammondville, Alabama",1166180369,C,0.20595642177457477,0.3701130922920839,0.008635532233362669,0.04604308834140501,0.35410356010279115,0.01514830525578276
"Hanceville, Alabama",1169612470,C,0.25240967214700105,0.6545571955595112,0.01121085509818222,0.043817629126898926,0.03473765447921616,0.003266993589190343
"Harpersville, Alabama",1177953234,C,0.2270831568095721,0.4428424715661747,0.03160585523308532,0.2656870633016494,0.02800610244668562,0.0047753506428327794
"Hartford, Alabama",1165749307,C,0.17188549044966045,0.4134423023741337,0.007617071745193575,0.0720656515268289,0.3298205597266928,0.005168924177490609
"Hartselle, Alabama",1165749341,C,0.22767047790408373,0.4014680648086374,0.011455661067321318,0.27117657585590765,0.08284780489916736,0.005381415464882647
"Hayden, Alabama",1166180747,C,0.1784275341427955,0.3822048675504092,0.008277193468398858,0.07208542383500302,0.35316902837634473,0.005835952627048771
"Hayneville, Alabama",1166180764,C,0.24365258116444613,0.37952439791564896,0.031900530716026866,0.31128366297206994,0.02857119087483217,0.0050676363569761105
"Headland, Alabama",1168369252,C,0.3014941569775091,0.4070527312760955,0.017619932162133478,0.1741290432509905,0.09423997047466254,0.00546416585860884
"Heath, Alabama",1166180800,Start,0.13207875818630146,0.25909703909804044,0.006392249818671785,0.05173037980745568,0.5313712349514449,0.019330338138085643
"Heflin, Alabama",1176321971,C,0.26983426823780204,0.5484430732314123,0.02027168324045139,0.07455820960366313,0.08129529516742602,0.005597470519245029
"Helena, Alabama",1177702091,C,0.3607665347909075,0.4066917694219911,0.054846458172897905,0.15153594563210235,0.020940942999738553,0.005218348982362644
"Henagar, Alabama",1165749718,C,0.21468595199793036,0.3685896947775892,0.009548163072853147,0.29330232137396894,0.10888748383729781,0.004986384940360685
"Highland Lake, Alabama",1166180993,Start,0.14449285070919787,0.33972240460951075,0.007057276565957223,0.04397842946518389,0.45236428813993157,0.012384750510218576
"Hillsboro, Alabama",1166181055,C,0.20045426852538892,0.3747492681751501,0.007382737620191443,0.28752151867088604,0.12472752816400404,0.005164678844379314
"Hobson City, Alabama",1166181157,C,0.2024521071347341,0.37011223455241393,0.007949669999411456,0.21295782978844385,0.2007287561433566,0.005799402381640115
"Hodges, Alabama",1166181162,C,0.2051746908649185,0.36445029876451723,0.007736623390070672,0.10223846157996282,0.31251652604837393,0.007883399352156947
"Hokes Bluff, Alabama",1165750177,C,0.2707744631977755,0.4395390029332097,0.010285486593119756,0.11232410527538651,0.1610690128603661,0.0060079291401425325
"Holly Pond, Alabama",1166181271,C,0.19809278869178246,0.39156207724230424,0.008682063973907306,0.2484870427340544,0.14829637546884708,0.004879651889104348
"Hollywood, Alabama",1166181286,C,0.19137581124753728,0.35972122342243196,0.007214092941666147,0.08697508309284804,0.3479422874375851,0.006771501857931556
"Homewood, Alabama",1177622299,GA,0.18305146363483182,0.34135874950167727,0.0493453432394799,0.4037638435939039,0.018358593481081972,0.004122006549025281
"Hoover, Alabama",1180348406,C,0.3262811578693045,0.631815967893837,0.008711846172191269,0.015825842419337162,0.015158939917597756,0.0022062457277324007
"Horn Hill, Alabama",1166181398,Start,0.11928937379106157,0.28006220675732557,0.00633436479861407,0.06593671132432442,0.5151132587612868,0.013264084567387724
"Hueytown, Alabama",1177622536,C,0.15676077746022446,0.7803941372423873,0.013049474767302565,0.02592258273447273,0.020972016078881318,0.0029010117167313273
"Huntsville, Alabama",1180130440,FA,0.0614051314264472,0.02204700921306828,0.634681487668002,0.271191421711549,0.0077516331021350495,0.002923316878798343
"Hurtsboro, Alabama",1096814754,C,0.19512787021354489,0.41367255888825116,0.008385567643999897,0.05480217052588677,0.32008465747960996,0.00792717524870735
"Hytop, Alabama",1166181602,Start,0.2097087893412981,0.36242014830347064,0.0072355267519012036,0.03275607099778738,0.37748238067230044,0.010397083933242351
"Ider, Alabama",1166181612,C,0.24838453632126745,0.4862348963537516,0.007343318864938814,0.06830686063738248,0.18436763202424933,0.005362755798410391
"Indian Springs Village, Alabama",1166181665,C,0.17781227259042143,0.3954083041788385,0.008221184420956342,0.12378143865661749,0.2887616058458038,0.006015194307362467
"Irondale, Alabama",1169440818,C,0.22553571931924263,0.43668061458367285,0.006556018165349847,0.026670357067777074,0.295295214793922,0.009262076070035614
"Jackson, Alabama",1165750992,C,0.183612622917171,0.524628612572622,0.01527248508561127,0.21942183777501428,0.05246276926919463,0.004601672380386828
"Jackson's Gap, Alabama",1166181798,Start,0.15829689389613194,0.3615124945894492,0.008223249801155927,0.03784974707041173,0.42210247307197646,0.012015141570874795
"Jacksonville, Alabama",1175988040,C,0.20802093793427232,0.5823103372125547,0.018514941580940324,0.15040256536658372,0.03581803164930865,0.004933186256340278
"Jasper, Alabama",1174380579,C,0.2149780370554831,0.6278474905725079,0.01781258678402799,0.0911220140184326,0.04366471542142863,0.004575156148119772
"Jemison, Alabama",1165751151,C,0.20042243418816794,0.5453371776850194,0.00931017628346377,0.11375913263581933,0.1258378767064659,0.005333202501064067
"Kansas, Alabama",1166182143,Start,0.1161005074339416,0.2930109824394421,0.006852733180351701,0.04946560071616502,0.5180266435351136,0.016543532694985798
"Kellyton, Alabama",1166182186,Stub,0.03386730508085274,0.06540198224840732,0.0029809471971183744,0.007379759898236447,0.151065166354807,0.7393048392205782
"Kennedy, Alabama",1166182247,Start,0.1745306937076962,0.3241277966607319,0.006104183568179036,0.03284325044675291,0.45054802034090624,0.011846055275733684
"Killen, Alabama",1166182386,C,0.1230708348079685,0.6709480715553,0.006476428033651214,0.042232941118436916,0.15321920475715536,0.004052519727488038
"Kimberly, Alabama",1177622633,C,0.19424782800062712,0.5081247596245477,0.006535295286303932,0.058916893323477916,0.22744074185553348,0.004734481909509985
"Kinsey, Alabama",1166182487,C,0.16425238706499565,0.38877805133475607,0.007308537521157204,0.1475325022694072,0.28714892030314837,0.0049796015065356565
"Kinston, Alabama",1166182489,C,0.1683085651318097,0.3008814063165388,0.006713703138110075,0.2626412118936423,0.2540251356591117,0.0074299778607872504
"LaFayette, Alabama",1165752571,C,0.25449939018239665,0.5392671721103461,0.019357434260835783,0.1323980876854028,0.04947349538776453,0.005004420373254189
"Lake View, Alabama",1170831381,C,0.1656459594538216,0.3906929485074254,0.006204929881765267,0.09247398781767943,0.33954123983182627,0.005440934507482065
"Lakeview, Alabama",1166205391,Start,0.24465560280525667,0.30021463867393877,0.007964524764957579,0.09957381817213522,0.3326955318463586,0.01489588373735329
"Lanett, Alabama",1165889187,C,0.2103580684525878,0.44456369527542916,0.00817144386780535,0.09273299704526791,0.23845141825005153,0.005722377108858455
"Langston, Alabama",1171521067,C,0.2394738058743294,0.42198957783547625,0.008275189158655275,0.05851960361162644,0.26482309225347467,0.006918731266437872
"Leeds, Alabama",1179531175,C,0.2672264705904425,0.5017408472519228,0.0121586735666073,0.18340489781685057,0.030517650992896772,0.004951459781280196
"Leesburg, Alabama",1166205728,C,0.1760823448041581,0.41530053758508045,0.008453949592036061,0.14589328765190962,0.24881243091465047,0.005457449452165376
"Leighton, Alabama",1148926606,C,0.220927779147209,0.44606732095804275,0.013136887657166587,0.24758598511806054,0.0672858225878364,0.004996204531684897
"Lester, Alabama",1166205815,Start,0.1981552220585534,0.3146532255664348,0.006957390590340103,0.048199320084592635,0.41744610961798423,0.014588732082094777
"Level Plains, Alabama",1165890044,Start,0.1441723231133319,0.38820814113786317,0.0056449347801511476,0.05171238382053052,0.4054065380459856,0.004855679102137649
"Lexington, Alabama",1166205880,Start,0.20793805307885438,0.31582036208275255,0.007251950401734347,0.1113341734904601,0.3496308444272489,0.00802461651894963
"Libertyville, Alabama",1166205930,Start,0.13499257855466978,0.266955563063345,0.006453630715393113,0.05711010144667003,0.5161482731554752,0.01833985306444688
"Lincoln, Alabama",1165890317,C,0.2527545676720727,0.5237463030734852,0.010375636036075147,0.05051458717757366,0.1567872640315756,0.005821642009217424
"Linden, Alabama",1170891816,GA,0.20379456860105924,0.2472867598860681,0.01675387303776742,0.49661114525478345,0.031335370671262554,0.0042182825490593625
"Lineville, Alabama",1165890459,GA,0.146950874768983,0.2529343983764927,0.022788883470514085,0.5509102184358046,0.02248117325857824,0.003934451689627413
"Lipscomb, Alabama",1177622747,C,0.2153047937839796,0.43152750173562193,0.008755222984963435,0.030661260185813066,0.30787209775481106,0.005879123554810862
"Lisman, Alabama",1166206088,C,0.1638518050633257,0.45029708835395754,0.0066636247599013414,0.20255715850572698,0.17145593595360717,0.005174387363481236
"Littleville, Alabama",1166206172,Start,0.16231366808384176,0.33647213916428703,0.005786983023111621,0.14710651102218983,0.34191649077175257,0.006404207934817328
"Livingston, Alabama",1165891122,C,0.23764409331152278,0.674662803450406,0.012689606069782899,0.04369802089679623,0.02765846082715136,0.003647015444340768
"Loachapoka, Alabama",1166206211,C,0.24239619627156364,0.47204762469613426,0.026241860438945108,0.21388886294210002,0.04013660443660908,0.005288851214647705
"Lockhart, Alabama",1166206220,C,0.18962805290522292,0.374702678965086,0.012250771269942111,0.2914712401181456,0.1267269691938186,0.005220287547784938
"Locust Fork, Alabama",1173287337,C,0.24151611155903596,0.5788627228400801,0.014200722506377994,0.044601382030751466,0.11456089069224706,0.0062581703715074875
"Louisville, Alabama",1166206343,Start,0.18043734024185906,0.32510676103860175,0.006861049192819506,0.04777809195537339,0.4306305225062915,0.009186235065054697
"Lowndesboro, Alabama",1166206408,C,0.2613548859408046,0.36778681367293276,0.023504851423341997,0.27115735662706864,0.07064429343105846,0.005551798904793623
